Webots Project File version R2018a
perspectives: 000000ff00000000fd00000003000000000000032000000758fc0100000001fb0000001a0044006f00630075006d0065006e0074006100740069006f006e0000000000ffffffff0000005400ffffff00000001000003f40000056ffc0200000001fb0000001400540065007800740045006400690074006f007201000000260000056f000000f900ffffff0000000300000bb8000001e3fc0100000002fb0000000e0043006f006e0073006f006c00650100000000000006750000008c00fffffffb0000001c0052006f0062006f0074003a00200065002d007000750063006b0030010000067b0000053d0000005400ffffff000007be0000056f00000001000000020000000100000008fc00000000
simulationViewPerspectives: 000000ff00000001000000020000032c000008860100000006010000000100
sceneTreePerspectives: 000000ff0000000100000002000000c0000001660100000006010000000200
minimizedPerspectives: 000000ff00000000fd00000003000000000000000000000000fc0100000001fb0000001a0044006f00630075006d0065006e0074006100740069006f006e0000000000ffffffff0000005400ffffff000000010000013000000673fc0200000001fb0000001400540065007800740045006400690074006f0072010000002600000673000000f900ffffff0000000300000bb8000000dffc0100000001fb0000000e0043006f006e0073006f006c0065010000000000000bb80000008c00ffffff00000a820000067300000001000000020000000100000008fc00000000
maximizedDockId: -1
centralWidgetVisible: 1
orthographicViewHeight: 1
textFiles: 0 "controllers/S02_Distance_Measurements/S02_Distance_Measurements.c"
robotWindow: e-puck0
renderingDevicePerspectives: e-puck0:camera;1;1.5;0.79811;0.00301205
