Webots Project File version R2018a
perspectives: 000000ff00000000fd00000003000000000000032000000758fc0100000001fb0000001a0044006f00630075006d0065006e0074006100740069006f006e0000000000ffffffff0000005400ffffff00000001000003b1000005c1fc0200000001fb0000001400540065007800740045006400690074006f00720000000026000005c1000000f900ffffff0000000300000bb800000191fc0100000002fb0000000e0043006f006e0073006f006c00650100000000000006600000008c00fffffffb0000001c0052006f0062006f0074003a00200065002d007000750063006b00300100000666000005520000005400ffffff00000bb8000005c100000001000000020000000100000008fc00000000
simulationViewPerspectives: 000000ff00000001000000020000015e000009240100000006010000000100
sceneTreePerspectives: 000000ff0000000100000002000000c0000000d70100000006010000000200
maximizedDockId: -1
centralWidgetVisible: 1
orthographicViewHeight: 0.932065
textFiles: 0 "S05_Color_Recognition.c"
robotWindow: e-puck0
renderingDevicePerspectives: e-puck0:camera;1;1.5;0.0586233;0.048227
