Webots Project File version R2018a
perspectives: 000000ff00000000fd0000000300000000000001f3000003d1fc0100000003fb0000001c0052006f0062006f0074003a00200065002d007000750063006b00300000000000000001f30000000000000000fb000000220052006f0062006f0074003a00200065002d007000750063006b00320028003100290000000000000001f30000000000000000fb0000001a0044006f00630075006d0065006e0074006100740069006f006e0000000000ffffffff0000005400ffffff0000000100000301000005e4fc0200000001fb0000001400540065007800740045006400690074006f00720100000026000005e4000000f900ffffff0000000300000bb80000016efc0100000002fc0000000000000bb80000008c00fffffffa000000020200000003fb0000001c0052006f0062006f0074003a00200065002d007000750063006b00320000000000ffffffff0000000000000000fb000000200052006f0062006f0074003a00200065002d007000750063006b0028003200290100000000ffffffff0000000000000000fb0000000e0043006f006e0073006f006c006501000002ea000000ff000000ab00fffffffc00000460000003200000000000fffffffa000000000200000002fb0000001a0052006f0062006f0074003a00200065002d007000750063006b0100000000ffffffff0000000000000000fb000000200052006f0062006f0074003a00200065002d007000750063006b0028003300290000000310000000d90000000000000000000008b1000005e400000001000000020000000100000008fc00000000
simulationViewPerspectives: 000000ff00000001000000020000019e0000070d0100000006010000000100
sceneTreePerspectives: 000000ff0000000100000002000000c00000011f0100000006010000000200
maximizedDockId: -1
centralWidgetVisible: 1
orthographicViewHeight: 1
textFiles: 0 "controllers/S03_Ground_measurement/S03_Ground_measurement.c"
renderingDevicePerspectives: e-puck0:camera;1;1.5;0.0941828;0.00346021
